2024-09-16T11:36:34.522000Z   6.3      17.154     147.225   31.00
2024-09-11T16:46:05.054000Z   6.3      -3.287     146.409    8.00
2024-09-05T01:03:15.672000Z   6.2      -3.543     144.195    7.00
2024-09-01T20:13:34.201000Z   6.4      -6.830     155.530   39.00
2024-08-15T23:35:53.950000Z   6.1      23.750     121.768   14.00
2024-08-10T03:28:32.435000Z   6.5      47.194     144.782   400.79
2024-08-08T07:42:55.242000Z   7.1      31.758     131.519   24.00
2024-08-03T04:20:26.609000Z   6.3       8.170     126.764   15.87
2024-08-02T22:23:02.550000Z   6.8       8.181     126.615   35.00
2024-07-22T05:04:30.168000Z   6.0     -15.544     168.043   10.00
2024-07-11T02:13:17.720000Z   7.1       6.090     123.155   627.87
2024-07-10T04:55:41.780000Z   6.6     -53.309      25.348    4.00
2024-07-07T20:01:12.295000Z   6.2      26.896     138.829   546.00
2024-06-16T00:27:57.135000Z   6.0     -61.004     154.129   10.83
2024-06-14T04:26:48.660000Z   6.0     -30.941     -13.472   10.00
2024-05-31T15:54:41.575000Z   6.2     -28.948    -176.876   19.69
2024-05-25T22:23:16.060000Z   6.3     -17.116     167.875   22.30
2024-05-08T08:17:18.712000Z   6.1     -15.155     168.023   40.51
2024-05-05T18:33:10.550000Z   6.1      -3.313     130.963   13.10
2024-08-25T23:29:07.570000Z   6.9     -19.791    -175.073   96.00
2024-05-26T20:47:10.893000Z   6.6     -19.418    -174.867   127.09
