131.00 -3.28 121 20 70 323 71 97 1.810 25 202405051833A  
168.12 -15.17 169 35 86 354 55 93 2.221 25 202405080817A  
-92.66 14.39 125 26 -101 317 64 -85 4.086 25 202405121139A  
-123.14 -56.05 286 79 0 196 90 169 1.150 25 202405182357A  
-170.84 52.01 259 33 145 20 72 62 1.199 25 202405190935A  
167.80 -17.10 327 47 -144 210 64 -50 3.254 25 202405252223A  
-174.50 -19.50 153 20 36 28 78 106 9.051 25 202405262047A  
41.63 -43.39 100 81 2 10 88 171 3.020 25 202405311546A  
-176.73 -29.25 197 26 92 14 64 89 2.373 25 202405311554A  
86.38 34.08 325 81 -175 234 85 -9 1.152 25 202406010046A  
-133.88 -54.06 107 68 -4 199 86 -158 3.237 25 202406090955A  
153.96 -61.01 155 87 -2 245 88 -177 1.127 25 202406160027A  
-74.64 -16.01 310 25 59 163 69 103 1.384 25 202406161447A  
-62.41 10.68 202 31 34 82 73 117 1.144 25 202406230358A  
167.16 -14.69 179 45 136 303 61 54 4.320 25 202406240803A  
-74.75 -15.89 311 18 55 167 75 101 6.493 26 202406280536A  
-74.68 -16.08 309 22 40 181 76 107 1.565 25 202406290705A 
